3
-14.466  -19.07  1.667 0.2 0.2 0.0  -1.5509868397847608
1 1 -14.466  -22.465 1.772 0.2 0.2 0.0 -1.5509868397847608
1 1 -13.332  -21.724 1.475 0.2 0.2 0.0 -5.799659291207077
3
-21.224  -20.727  1.579 0.2 0.2 0.0  -0.0
1 1 -15.12  -21.72 1.579 0.2 0.2 0.0 -0.0
1 1 -21.224  -20.727 2.09 0.2 0.2 0.0 2.9241246287912994
3
-12.944  -20.185  2.065 0.2 0.2 0.0  1.4835298641951802
1 1 -12.627  -18.649 2.065 0.2 0.2 0.0 1.4835298641951802
1 1 -10.697  -17.199 2.065 0.2 0.2 0.0 -18.23572362361235
3
-13.029  -20.089  2.008 0.2 0.2 0.0  -0.0
1 1 -10.505  -20.129 1.951 0.2 0.2 0.0 -0.0
1 1 -11.191  -20.581 1.893 0.2 0.2 0.0 -3.3728138728940014
3
-12.812  -18.642  1.893 0.2 0.2 0.0  -0.0244695161129605
1 1 -10.413  -18.687 1.893 0.2 0.2 0.0 -0.0244695161129605
1 1 -11.249  -18.29 1.893 0.5 0.5 0.0 -4.347684979887955
3
-15.248  -22.022  1.742 0.5 0.5 0.0  -3.5064362804266875
1 1 -20.998  -20.7 2.325 0.3 0.3 0.0 -3.141348307494514
1 1 -19.732  -20.233 1.78 0.3 0.3 0.0 -5.245063468093359
3
-17.189  -18.027  1.78 0.3 0.3 0.0  -3.0981339552151343
1 1 -18.482  -17.978 1.855 0.2 0.2 0.0 -3.0981339552151343
1 1 -18.526  -17.477 1.46 0.2 0.2 0.0 -4.399870324522585
3
-17.468  -17.266  2.295 0.2 0.2 0.0  -3.141592653589793
1 1 -18.561  -16.729 2.398 0.2 0.2 0.0 -3.141592653589793
1 1 -17.548  -16.71 1.826 0.2 0.2 0.0 -0.03754203221039803
3
-27.045  -20.437  1.313 0.2 0.2 0.0  -6.041719005166172
1 1 -25.258  -19.602 1.313 0.2 0.2 0.0 -6.041719005166172
1 1 -26.25  -21.544 1.547 0.2 0.2 0.0 -1.8143570239107052
3
-24.877  -21.455  2.689 0.2 0.2 0.0  -1.7325883484547708
1 1 -25.715  -22.957 2.689 0.2 0.2 0.0 -2.0132198388829394
1 1 -24.142  -23.012 3.13 0.2 0.2 0.0 -0.42357395616650384
3
-24.396  -20.967  1.271 0.2 0.2 0.0  -1.825544584415989
1 1 -25.159  -22.851 1.63 0.2 0.2 0.0 -1.825544584415989
1 1 -25.755  -22.722 1.721 0.2 0.2 0.0 -3.1730958465882906
3
-25.935  -21.103  1.721 0.2 0.2 0.0  -0.005707226654021458
1 1 -23.505  -20.824 1.721 0.2 0.2 0.0 -0.005707226654021458
1 1 -25.061  -22.768 1.721 0.2 0.2 0.0 -1.9917697423759289
3
-25.395  -20.845  1.721 0.2 0.2 0.0  -6.2550855062224775
1 1 -23.808  -21.388 1.721 0.2 0.2 0.0 -6.2550855062224775
1 1 -23.304  -20.652 1.545 0.2 0.2 0.0 -5.1073220835259665
3
-23.632  -16.486  1.545 0.2 0.2 0.0  -0.006876597252857658
1 1 -20.412  -16.675 1.678 0.2 0.2 0.0 -0.006876597252857658
1 1 -20.178  -17.223 1.678 0.2 0.2 0.0 -0.9646609308697859
3
-18.328  -16.951  1.678 0.2 0.2 0.0  -6.272992584347938
1 1 -17.086  -16.688 1.781 0.2 0.2 0.0 -6.272992584347938
1 1 -18.438  -16.839 1.365 0.2 0.2 0.0 -3.1435648756445467
3
-26.958  -19.734  1.365 0.2 0.2 0.0  -1.5003024783068457
1 1 -27.765  -23.074 1.509 0.2 0.2 0.0 -1.6461072840184519
1 1 -27.618  -23.026 1.552 0.2 0.2 0.0 -6.089279227283016
3
-19.601  -21.407  1.552 0.2 0.2 0.0  -4.879975495161185
1 1 -19.171  -20.13 1.677 0.2 0.2 0.0 -4.879975495161185
1 1 -20.783  -19.812 1.183 0.2 0.2 0.0 -3.1400742171405582
3
-14.466  -19.07  1.667 0.2 0.2 0.0  -1.5509868397847608
1 1 -14.466  -22.465 1.772 0.2 0.2 0.0 -1.5509868397847608
1 1 -13.332  -21.724 1.475 0.2 0.2 0.0 -5.799659291207077
3
-10.817  -19.268  1.475 0.2 0.2 0.0  -1.617082458557786
1 1 -11.157  -22.65 1.693 0.2 0.2 0.0 -1.617082458557786
1 1 -11.888  -21.685 1.402 0.2 0.2 0.0 -3.470639577468284
3
-11.518  -19.114  2.101 0.2 0.2 0.0  -3.1631474698519235
1 1 -14.377  -19.33 1.961 0.2 0.2 0.0 -3.1631474698519235
1 1 -14.042  -22.296 1.836 0.2 0.2 0.0 -1.638811807745116
3
-23.608  -17.107  1.836 0.2 0.2 0.0  -0.004380776422505768
1 1 -20.955  -17.005 1.836 0.2 0.2 0.0 -0.004380776422505768
1 1 -21.292  -16.973 1.598 0.2 0.2 0.0 -0.004380776422505768
3
-13.385  -17.038  2.06 0.2 0.2 0.0  -0.004380776422505768
1 1 -10.782  -16.789 2.06 0.2 0.2 0.0 -0.004380776422505768
1 1 -11.106  -17.058 1.788 0.2 0.2 0.0 -2.9619459136820163
3
-14.117  -20.061  1.788 0.2 0.2 0.0  -1.6172744447755056
1 1 -13.852  -22.406 1.788 0.2 0.2 0.0 -1.6172744447755056
1 1 -21.037  -20.89 2.213 0.2 0.2 0.0 -3.3519222817476297
3
-25.686  -21.663  1.6 0.2 0.2 0.0  -5.887780965140271
1 1 -23.822  -20.687 1.6 0.02 0.02 0.0 -5.887780965140271
1 1 -25.995  -21.846 1.58 0.2 0.2 0.0 -2.3443611578638235
3
-23.549  -16.651  1.378 0.2 0.2 0.0  -0.03705334001983962
1 1 -20.609  -17.352 1.689 0.2 0.2 0.0 -0.03705334001983962
1 1 -24.381  -17.241 1.689 0.2 0.2 0.0 -3.2140936307176378
3
-23.299  -16.779  1.689 0.2 0.2 0.0  -0.01773254520026239
1 1 -20.655  -16.911 1.689 0.2 0.2 0.0 -0.01773254520026239
1 1 -24.652  -17.144 1.689 0.2 0.2 0.0 -3.1293578955333126
3
-10.769  -19.366  1.534 0.2 0.2 0.0  -1.634047058887171
1 1 -10.42  -22.55 1.623 0.2 0.2 0.0 -1.634047058887171
1 1 -11.546  -18.31 1.97 0.2 0.2 0.0 -4.736195271381892
3
-12.051  -20.12  1.97 0.2 0.2 0.0  -4.736195271381892
1 1 -11.933  -18.061 1.781 0.2 0.2 0.0 -4.736195271381892
1 1 -12.407  -20.902 1.511 0.2 0.2 0.0 -4.487084427244742
3
-13.169  -20.204  2.198 0.2 0.2 0.0  -0.11728612573401893
1 1 -10.498  -20.043 2.035 0.2 0.2 0.0 -0.11728612573401893
1 1 -11.268  -18.219 1.738 0.2 0.2 0.0 -4.341331981410695
